921
643
701
187
674
992
194
53
578
38
364
762
515
928
289
365
343
531
13
686
347
395
738
460
149
143
523
336
28
368
367
817
619
248
134
517
309
620
688
465
426
112
6
31
622
116
293
115
220
660
281
472
416
810
220
165
676
495
400
861
172
963
700
282
34
681
809
673
256
535
464
504
289
200
805
350
666
47
695
749
711
798
490
156
919
355
43
267
186
844
224
870
170
22
539
844
704
678
578
468
658
793
530
105
155
794
164
510
560
709
86
188
969
810
692
51
357
312
908
842
278
472
803
457
19
259
327
541
302
352
442
157
601
675
673
236
223
520
61
868
198
523
913
23
212
651
28
369
407
428
409
894
552
316
233
4
114
867
468
812
211
483
540
189
258
418
999
865
303
165
988
562
393
238
526
201
89
278
351
383
909
173
361
156
575
930
547
890
344
889
870
506
650
750
482
777
238
87
677
2
981
348
297
494
555
375
74
478
327
582
60
942
214
213
746
814
149
150
411
908
800
28
888
10
344
589
657
254
1
67
537
991
995
843
146
718
924
708
515
937
699
673
940
608
934
188
252
137
736
826
752
104
443
990
791
227
852
829
255
411
658
356
780
211
465
855
335
234
179
58
813
224
203
859
516
266
832
595
65
757
211
213
822
638
341
717
169
752
174
289
586
148
138
902
268
688
976
235
712
22
278
547
227
155
163
702
665
97
530
587
300
866
579
757
388
636
464
408
195
425
122
658
835
581
533
505
438
974
755
47
488
761
836
974
883
633
445
681
342
12
16
538
964
601
773
20
51
155
620
564
652
391
580
945
672
740
873
322
691
570
436
114
253
649
25
994
238
758
948
822
558
275
318
212
402
953
111
746
252
218
652
865
966
106
811
527
850
130
639
304
273
124
767
910
32
42
269
412
613
548
696
582
886
655
543
693
857
700
694
843
276
205
349
337
312
527
480
130
832
874
542
874
903
753
474
683
500
794
793
945
511
139
20
431
681
428
605
779
216
594
359
700
385
708
485
322
826
766
49
727
994
489
179
404
164
454
364
233
90
808
908
289
2
907
943
630
351
774
504
833
619
702
766
570
791
392
148
339
764
817
133
966
626
479
411
426
928
629
851
80
505
172
911
517
288
15
937
316
237
37
